1300
600
400
400
400
400
500
500
400
400
1200
19100
1200
400
400
700
500
700
700
700
800
700
800
700
700
600
800
1000
900
700
1000
800
900
700
800
800
800
700
800
900
900
700
800
900
900
700
800
800
900
900
900
1000
900
900
900
900
900
900
800
800
800
1000
900
800
1000
800
1000
1100
900
800
900
1000
1000
1000
1000
1000
900
800
1000
900
900
900
1000
900
1000
800
1000
1000
900
900
1100
1000
900
900
900
1000
1100
700
1000
900
1000
1000
1100
1000
1000
900
1000
900
1000
900
1100
1000
1000
3800
1300
700
700
500
700
600
700
600
600
700
600
600
700
700
600
600
600
600
700
600
600
800
700
600
600
700
700
600
600
700
600
600
700
700
700
600
700
600
600
600
700
700
700
700
700
700
600
700
700
700
800
700
700
700
700
700
700
600
700
700
800
700
800
800
800
800
700
700
800
700
700
800
900
900
14600
800
800
800
1400
900
900
900
800
800
800
900
800
700
13500
1500
1500
900
800
900
1400
1400
1000
1000
900
800
900
900
900
900
900
900
900
800
900
900
1000
900
900
900
900
900
900
900
1000
900
900
900
900
900
900
1100
1000
900
900
900
900
900
900
900
900
900
1000
900
1000
900
1000
1000
1000
1000
900
1000
1000
900
900
900
1000
900
900
1000
1000
900
900
1000
1100
900
1000
1000
900
900
1000
1000
1100
1000
1100
1000
1000
900
1000
1000
1100
1000
1000
1100
1100
900
1000
1100
1100
1000
1000
1000
1000
900
1100
1100
1100
1000
1000
1100
1000
1000
1100
1100
1100
1100
1100
1100
1100
1000
1100
1200
1200
1100
1100
1100
1100
1000
1100
1100
1100
1100
1100
1100
1100
1100
1100
1100
1200
1100
1200
1200
1100
1200
1200
1100
1100
1100
1200
1200
1200
1200
1200
1100
1200
1100
1100
1100
1200
1100
1200
1200
1200
1200
1200
1200
1200
1200
1200
1200
1300
1200
1200
1200
1200
1200
1200
1200
1300
1300
1300
1300
1300
1300
1300
1200
1200
1200
1200
1200
1300
1300
1200
1200
1300
1200
1200
1200
1200
1200
1300
1300
1300
1200
1300
1300
1300
1200
1300
1300
1300
1300
1300
1300
1300
1300
1300
1400
1300
1300
1300
1300
1300
1300
1300
1400
1300
1300
1300
1300
1300
1200
1300
1300
1400
1400
1300
1300
1300
1300
1400
1300
1400
1300
1400
1300
1400
1300
1400
1500
1400
1400
1400
1400
1400
1300
1400
1400
1400
1500
1400
1400
1400
1300
1500
1500
1500
1400
1400
1500
1500
1400
1400
1400
1500
1400
1400
1500
1400
1400
1500
1500
1500
1500
1500
1500
1400
1500
1500
1500
1500
1500
1500
1400
1500
1400
1500
1500
1600
1500
1600
1500
1400
1400
1500
1500
1500
1500
1600
1700
1500
1500
1600
1600
1600
1500
1600
1500
1500
1500
1600
1500
1600
1500
1600
1500
1500
1500
1500
1600
1500
1500
1600
1600
1600
1500
1500
7700
1900
2000
1700
1700
1600
1600
1600
1600
1700
1700
1600
1600
1600
1600
1600
1600
1700
1700
1700
1600
1600
1700
1600
1700
1700
1700
1700
1600
1800
1700
1700
1700
1700
1700
1700
1700
1700
1700
1700
1700
1700
1700
1700
1700
1700
1700
1700
1700
1700
1700
1800
1800
1800
1700
1800
1700
1800
1800
1700
1700
1800
1700
1800
1700
1700
1700
1700
1700
1800
1700
1700
1800
1800
1800
1800
1700
1800
1700
1800
2200
3100
2700
2300
2600
2300
2400
2600
2500
2600
2400
2200
2300
2600
2600
2900
2600
2700
2600
2900
3200
3200
2600
2900
2400
3800
2500
2400
2400
2400
2400
2400
2300
2500
2300
2300
2800
2700
3000
3000
2800
2900
2800
2700
2600
2800
2600
14700
3000
3000
5000
2500
2200
2100
2000
2000
2000
2000
2000
2100
2000
14900
1900
2000
1900
1900
1900
2000
1900
1900
2000
1900
2000
1900
1900
2000
1900
1900
1900
2000
2000
2000
2000
2000
2000
2000
1900
1900
2100
2000
2000
2000
2000
2000
1900
2000
2000
2100
2100
2000
2000
2000
2000
2300
2200
2100
2000
2000
2100
2000
2000
2000
2100
2000
2100
2100
2000
2000
2000
2100
2100
2100
2100
2200
2000
2100
2000
2100
2100
2100
2000
2200
2100
2000
2100
2100
2200
2100
2200
2200
2200
2200
18100
2100
2100
2200
2100
2100
2100
2200
2100
2200
2200
2100
2200
2200
2200
2100
2200
2200
2100
2200
2100
2200
2200
2200
2100
2200
2300
2200
2200
2100
2100
2200
2100
2200
2200
2200
2200
2200
2300
2200
2200
2300
2300
2200
2200
2200
2200
2200
2200
2200
2200
2200
2300
2300
2200
2200
2200
2200
2300
2300
2200
2300
2300
2200
2200
2200
2300
2300
2200
2300
2300
2300
2300
2300
2400
2300
2300
2200
2300
2300
2300
2300
2400
2300
2300
2300
2300
2300
2300
2400
2400
2300
2400
2300
2400
2300
2300
2300
2300
2400
2400
2300
2300
2400
2300
2300
2400
2400
2400
2400
2400
2400
2300
2400
2400
2300
2300
10200
2800
2600
2500
2500
4500
2500
2500
2400
2600
2500
2400
2400
2500
2500
2400
2600
2500
2400
2400
2500
2400
2600
2500
2500
2500
2500
2400
2400
2500
2500
2500
2500
2500
2500
2400
2500
2500
2600
2500
2500
2600
2500
2500
2500
2500
2600
2500
2500
2600
2500
2500
2600
2500
2600
2600
2500
2600
2500
2500
2600
2600
2600
2600
2500
2600
2600
20100
2700
2700
2800
2600
2600
2600
2600
2500
2600
2600
2600
2600
2600
2600
2700
2500
2700
2600
2700
2600
2700
2600
2600
2600
2600
2700
2600
2700
2700
2700
2600
2600
2700
2700
2700
2600
2600
2700
2700
2600
2700
2700
2700
2700
2600
2800
2700
2600
2700
2700
2800
2700
2700
2800
2700
2600
2800
2700
2700
2700
2700
2700
2700
2700
2800
2700
2800
2700
2800
2800
2700
2600
2700
2800
2800
2700
2800
2800
2800
2800
2800
2800
2800
2800
2800
2800
2800
2800
2800
2800
2800
2800
2800
2800
2800
2800
2900
2900
2800
2900
2800
2800
2900
2800
2800
2900
2900
2900
2900
2900
2900
2800
2900
2800
2800
2900
2900
2900
2900
2800
2900
2900
2900
2900
3000
2900
2800
2900
2900
2900
3000
2800
2900
3000
2900
2800
2900
2900
3000
3000
2900
2900
2900
2900
2900
2900
3000
2900
2900
3000
3000
2900
3000
2900
3000
3000
2900
3000
3000
2900
3000
3000
3200
3000
3000
3100
3000
2900
3000
3000
3100
3000
3000
3100
3000
2900
3000
3000
3100
3000
3100
3000
3000
2900
3000
3100
20700
3100
3100
3200
3100
3100
3200
3200
3200
3100
3000
3100
3000
3100
3100
3100
3100
3000
3100
3200
3100
3100
3100
3100
3100
3100
3100
3200
3100
3000
3100
3100
3200
3200
3200
3100
3100
3100
3100
3100
3100
3100
3100
3100
3100
3100
3200
3200
3200
3100
3100
3200
3100
3100
3100
3100
3200
3200
3100
3300
3100
3100
3200
3200
3100
3200
3200
3300
3200
3200
3200
3200
3200
3300
3200
3200
3300
3100
3200
3300
3200
3300
3300
3200
3300
3100
3300
3300
3300
3200
5500
3200
3200
3200
3300
3300
3200
3200
3300
3400
3200
3300
3200
3300
3300
3200
3300
3300
3300
3200
3300
3300
3400
3300
3300
3300
3300
3300
3300
3400
3300
3300
3400
3400
3300
3300
3300
3400
3400
3300
3300
3300
3400
3300
3300
3400
3300
3300
3300
3400
3400
3300
3300
3400
3400
3400
3400
3400
3300
3300
3400
3400
3500
3400
3500
3400
3400
3300
3400
3500
3500
3400
3500
3500
3400
3400
3400
3500
3500
3400
3500
3500
3500
3400
3500
3600
3500
3400
3500
3500
3400
3400
3400
3500
3500
3400
3500
3500
21100
3500
3600
3700
3500
3500
3500
3500
3500
3500
3400
3600
3500
3500
3500
3500
3500
3500
3400
3500
3600
3500
3600
3600
3500
3500
3500
3600
3500
3600
3600
3600
3500
3600
3600
3700
3600
3600
3600
3600
3600
3500
3600
3600
3600
3600
3600
3600
3600
3500
3600
3600
3700
3600
3700
3600
3600
3600
3700
3600
3700
3600
3700
3600
3600
3600
3600
3700
3700
3700
3700
3700
3600
3600
3700
3700
3700
3700
3700
3700
3700
3600
3700
3800
3900
3700
3700
3800
3700
3700
3700
3800
3700
3700
3800
3700
3700
3600
3700
3800
3800
3700
3800
3800
3700
3700
3700
3700
3700
3700
3800
3800
3800
3700
3800
3800
3800
3700
3900
3800
3800
3700
3700
3800
3800
3800
3800
3800
3800
3800
3700
3900
3800
3800
3800
3900
3900
3800
3700
4000
3800
3800
3800
3800
3900
3800
3800
4000
3900
3800
3800
3900
3800
3800
3800
3900
3900
3800
3900
3800
3800
3800
3800
4000
3900
3900
3900
4000
3800
3800
3900
3900
3900
3900
3900
3900
3900
3900
3900
3900
4000
3900
4000
3900
3900
3800
3900
3900
21500
4000
4100
4000
3900
3800
3900
4000
4000
4000
4000
4000
3900
3900
3900
4000
4000
3900
4000
4000
3900
4000
4000
4100
4000
4000
4100
4000
4000
4000
4000
4000
4000
4000
4000
4000
4000
4000
4000
4000
4100
4000
4100
4100
4100
4000
4100
4100
8200
4200
4000
4100
4200
4100
4100
4000
4200
4100
4100
4100
4200
4100
4200
4000
4300
4100
4100
4200
4300
4100
4100
4000
4200
4100
4100
4100
4300
4100
4100
4100
4300
4200
4100
4100
4400
4100
4100
4100
4300
4100
4200
4100
4300
4200
4100
4200
4300
4100
4200
4200
4300
4100
4200
4200
4300
4200
4200
4200
4300
4200
4200
4200
4300
4200
4200
4200
4400
4200
4300
4200
4300
4300
4300
4200
4400
4200
4300
4200
4400
4300
4200
4300
4400
4300
4200
4300
4400
4200
4300
4200
4400
4300
4300
4200
4400
4200
4300
4300
4400
4300
4300
4200
4500
4400
4300
4300
4500
4400
4300
4300
4500
4300
4400
4300
4400
4300
4400
4300
4500
4300
4400
4300
4500
4400
4400
4300
4500
4300
4400
4300
4600
4400
4400
4400
4600
22200
4600
4500
4500
4400
4500
4300
4500
4400
4400
4400
4600
4400
4400
4400
4600
4400
4500
4400
4600
4400
4400
4500
4600
4500
4400
4500
4600
4400
4500
4400
4600
4400
4500
4400
4600
4500
4400
4500
4600
4400
4500
4600
4500
4500
4500
4600
4500
4500
4500
4600
4500
4500
4500
4600
4600
4500
4500
4600
4600
4500
4500
4600
4600
4600
4600
4600
4600
4500
4500
4600
4700
4600
4600
4600
4500
4600
4600
4600
4600
4600
4600
4700
4600
4600
4600
4600
4600
4500
4600
4700
4600
4600
4600
4700
4600
4600
4600
4700
4700
4600
4700
4700
4700
4600
4700
4700
4700
4600
4600
4700
4600
4700
4700
4700
4700
4600
4700
4700
4900
4700
4700
4700
4700
4700
4700
4800
4700
4600
4700
4900
4700
4600
4700
4900
4700
4700
4700
4800
4800
4700
4700
4800
4800
4700
4800
4900
4700
4700
4700
4800
4800
4800
4800
4900
4900
4800
4800
4900
4700
4700
4700
4900
4800
4800
4700
4900
4900
4700
4800
4900
4700
4800
4700
4800
4800
4800
4800
4900
4800
4800
4800
4900
4900
4800
4800
4900
4900
5000
5000
5100
4900
4800
4800
5000
4800
4900
4800
5000
4800
4900
4900
4900
4900
4900
4900
5000
4900
4900
4900
5000
4900
4900
4900
5000
4900
4800
4900
5100
4900
4800
4900
5100
4900
4900
4900
5000
4900
4900
4900
5000
5000
4900
4900
5000
4900
5000
4900
5000
4900
5000
4900
5100
4900
5000
5000
5000
5000
5000
5100
5000
5000
5000
5000
5100
5000
4900
5200
5000
5100
4900
5000
5200
5000
5000
5100
5000
5000
4900
4900
5200
5000
5100
5200
5000
5100
5000
5000
5200
5000
5000
5200
5100
5100
5000
5000
5200
5000
5100
5200
5100
5000
5000
5000
5300
5100
5000
5200
5000
5100
5000
5100
5200
5100
5100
5300
5200
5100
5100
5100
5300
5200
5200
5300
5200
5100
5100
5100
5200
5100
5100
5300
5100
5100
5100
5100
5300
5200
5200
5300
5100
5200
5100
5200
5200
5200
5200
5300
5200
5200
5100
5200
5300
5200
5200
5400
5200
5200
5200
5200
5300
5200
5200
5400
5300
5300
5300
5200
5400
5200
5300
5400
5200
5200
5200
5200
5400
5200
5200
5400
5200
5300
5300
5300
5400
5300
5500
5600
21200
5300
5300
5300
5400
5200
5300
5400
5300
5300
5300
5300
5500
5200
5300
5500
5400
5400
5300
5300
5500
5300
5400
5500
5300
5300
5300
5400
5600
5300
5400
5400
5300
5400
5300
5400
5500
5300
5400
5500
5400
5300
5400
5400
5600
5400
5400
5500
5400
5400
5300
5400
5500
5400
5400
5500
5400
5400
5300
5400
5600
5400
5500
5600
5500
5400
5400
5400
5600
5500
5500
5600
5500
5500
5300
5500
5600
5400
5400
5600
5500
5400
5400
5500
5600
5500
5500
5700
5500
5500
5500
5500
5700
5600
5500
5700
5500
5500
5500
5500
5800
5500
5600
5700
5600
5500
5500
5500
5800
5500
5500
5600
5600
5600
5500
5600
5700
5600
5600
5700
5600
5700
5500
5500
5700
5600
5600
5900
5600
5500
5600
5500
5800
5600
5600
5800
5600
5600
5600
5600
5800
5700
5600
5800
5800
5700
5600
5700
5800
5600
5700
5800
5700
5700
5600
5600
5800
5600
5700
5900
5700
5600
5600
5700
5900
5700
5600
5800
5600
5700
5700
5800
6000
5600
5700
5800
5800
5700
5700
5600
5800
5800
5900
6000
5700
5900
5900
5900
6100
6000
5900
19100
5700
5700
5600
5700
6000
5800
5700
5900
5800
5700
5700
5800
6000
5800
5700
6000
5700
5800
5700
5700
6000
5900
5700
5900
5800
5800
5700
5800
6000
5800
5900
6000
5900
5800
5800
5800
6800
6100
6000
21100
6700
10500
6300
6300
6100
5900
5900
6100
5900
5800
5700
5900
6000
5900
5800
6000
5800
5800
5800
5900
6100
5900
5800
6000
6000
5900
5900
5800
6200
5900
5900
6000
6000
6000
5800
5800
6100
6000
6000
6100
5900
6000
5900
5900
6100
6000
5900
6100
5900
6000
5900
5900
6100
6000
6000
6100
5900
6000
5900
5900
6100
6000
6000
6100
6000
6000
6000
5900
6200
5900
6100
6200
6000
6000
6000
6100
6200
6000
6100
6100
6100
6000
6000
6000
6200
6000
6100
6200
6100
6000
6000
5900
6200
6000
6100
6200
6100
6100
6100
6100
6300
6100
6000
6200
6100
6200
6000
6000
6200
6100
6100
6400
6200
6100
6000
6000
6400
6100
6100
6400
6100
6000
6100
6200
6300
6100
9000
9200
7800
7900
22700
11300
7400
8900
10500
8000
10700
11300
10600
11500
11100
7700
10900
7100
6600
6500
10900
6900
9900
24800
6700
24100
20400
7300
9700
6900
6800
6600
26600
20600
6600
6400
6400
6400
6600
6300
6300
6400
6200
6200
6200
6200
6400
6200
6400
6400
6300
6300
6200
6200
6400
6200
6300
6400
6200
6300
6200
6200
6500
6300
6300
6500
6400
6200
6200
6300
6600
6300
6300
6400
6200
6400
6300
6300
6600
6300
6200
6600
6300
6300
6400
6300
6500
6400
6300
6500
6400
6300
6300
6400
6500
6300
6400
6400
6400
6400
6200
6400
6600
6400
6300
6600
6400
6400
6300
6400
6600
6400
6400
6700
6400
6400
6300
6400
6600
6500
6500
6600
6500
6500
6400
6400
6500
6500
6400
6600
6400
6500
6400
6400
6500
6600
6500
6600
6600
6400
6400
6500
6600
6500
6500
6700
6500
6500
6400
6500
6700
6400
6500
6600
6500
6500
6500
6500
18000
6800
6700
6500
6600
6500
6600
6500
6600
6600
6500
6500
6600
6500
6600
6500
6600
6600
6600
6700
6600
6500
6600
6500
6700
6600
6600
6600
6600
6600
6600
6600
6700
6600
6600
6700
6600
6700
6800
6500
6600
6600
6600
6900
6900
6600
6800
6600
6600
6700
6700
6700
6600
6600
6700
6700
6700
6700
6700
6700
6700
6700
6700
6700
6700
6600
6700
6600
6700
6600
6800
6700
6800
6700
6600
6800
6700
6700
6800
6700
6800
6700
6800
6700
6800
6800
6800
6700
6700
6800
6800
6800
6800
6800
6900
6800
6900
6800
6800
6900
6800
6800
6800
6800
6800
6900
6800
6800
6700
6800
6800
6800
6800
6800
6800
6800
6900
6800
6800
6900
6700
6800
6800
6800
6800
6800
6800
6800
6800
6800
6900
6800
6900
6800
6900
6800
7000
6800
6900
7000
6900
7000
6800
6900
6900
6900
6900
7000
6900
7000
6900
6900
6900
6900
7000
6800
6900
6800
6900
6900
7000
6900
6900
6900
7000
6900
6900
6900
7100
7000
7000
6900
7100
6900
7000
7000
7100
6900
7100
7300
7100
7100
7000
7000
7000
7000
7000
6900
7000
7000
7000
7000
7000
7000
7000
7000
7100
7000
7000
7100
7100
7000
7100
7000
7000
7000
7100
7000
7000
7000
7100
7000
7100
7100
7000
7000
7100
7100
7100
7100
7000
7100
7100
7100
7100
7100
7100
7100
7200
7300
7400
7100
7200
7100
7100
7100
7200
7100
7100
7100
7100
7200
7100
7100
7100
7100
7100
7200
7100
7200
7100
7200
7100
7100
7100
7200
7100
7200
7100
7200
7200
7200
7200
7300
7200
7200
7200
7200
7100
7200
7100
7200
7200
7300
7200
7200
7300
7100
7300
7100
7200
7200
7300
7200
7300
7100
7300
7200
7300
7200
7200
7200
7300
7100
7400
7200
7300
7200
7300
7300
7300
7200
7300
7300
7200
7400
7300
7300
7400
7100
7400
7200
7300
7200
7300
7200
7300
7200
7400
7300
7300
7400
7400
7300
7300
7300
7300
7300
7400
7200
7400
7200
7400
7200
7400
7400
7400
7400
7300
7400
7400
7300
7300
7400
7400
7300
7500
7300
7400
7300
7500
7300
7400
7300
7400
7400
7400
7400
7500
7400
7600
7300
7500
7300
7500
7400
7300
7500
7500
7400
7400
7500
7500
7300
7500
7300
7500
7400
7400
7400
7400
7400
7500
7500
7500
7400
7500
7500
7500
7400
7500
7500
7500
7500
7500
7500
7500
7400
7500
7500
7600
7500
7500
7600
7600
7500
7600
7400
7600
7500
7500
7600
7500
7500
7600
7500
21400
7800
7900
7800
7900
7700
7900
7800
7900
7900
7800
7800
7900
7700
8000
7800
7800
7800
7900
7800
7900
7700
7900
7900
7800
7800
7800
7900
7900
7800
8000
7900
7800
7800
7900
7900
8000
7900
8000
7800
7900
7800
8000
7900
7900
7900
7900
7900
8000
7900
8000
7900
8000
7900
7900
8000
7900
7800
8000
7800
8000
8000
7900
8000
8000
7900
8000
7900
8200
7900
8000
8000
8000
7900
8000
7900
8200
8000
8100
8100
8100
7900
8000
7900
8000
8000
8100
7900
8100
8000
7900
8000
8100
8000
8100
8000
8000
8000
8100
8000
8100
8100
8100
8000
8000
7900
8200
8200
8000
8000
8100
8000
8200
8000
8100
8100
8100
8100
8200
8100
8100
8100
8200
8100
8200
8100
8100
8200
8100
8000
8200
8000
8100
8100
8400
8000
8200
8100
8100
8200
8200
8000
8300
8200
8300
8100
8300
8100
8200
8200
8300
8100
8400
8100
8200
8200
8300
8100
8200
8200
8100
8200
8200
8200
8200
8200
8300
8200
8200
8300
8200
8200
8400
8100
8300
8300
8300
8300
8200
8200
8200
8200
8300
8200
8200
8200
8300
8300
8300
8200
8300
8200
8300
8200
8300
8400
8400
11100
8500
8300
8400
8300
8400
8200
8300
8200
8300
8300
8300
8200
8400
8300
8400
8300
8400
8400
8400
8300
8400
8300
8400
8400
8500
8300
8300
8300
8400
8300
8400
8300
8300
8300
8400
8300
8400
8300
8400
8400
8400
8400
8400
8400
8300
8400
8500
8300
8400
8400
8500
8400
8300
8400
8500
8300
8400
8400
8400
8400
8400
8400
21400
8100
8200
8200
8100
8100
8200
8100
8100
8200
8100
8100
8400
8300
8400
13600
14100
8200
8200
8300
8400
8500
8400
8300
8300
8300
8200
8300
8300
8200
8400
8400
8300
8200
8200
8400
8400
8300
8400
8300
8300
8100
8300
8300
8400
8300
8400
8400
8300
8300
8300
8400
8500
8300
8400
8400
8400
8300
8400
8500
8500
8300
8500
8500
8300
8300
8300
8400
8500
8300
8500
8400
8400
8300
8400
8400
8500
8400
8500
8500
8400
8300
8400
8400
8600
8400
8600
8400
8300
8400
8400
8300
8600
8400
8600
8500
8400
8400
8400
8500
8600
8400
8600
8500
8500
8400
8400
8400
8700
8500
8700
8500
8500
8400
8400
8500
8600
8400
8600
8400
8500
8500
8400
22500
8900
8700
8900
8800
8800
8400
8500
8500
8600
8500
8600
8600
8600
8400
8500
8500
8700
8500
8700
8600
8600
8500
8600
8600
8700
8500
8700
8500
8500
8500
8500
8600
8700
8500
8700
8500
8600
8500
8600
8600
8800
8600
8700
8600
8700
8500
8700
8700
8700
8600
8700
8600
8700
8600
8700
8700
8800
8600
8800
8700
8800
8600
8600
8700
8800
8600
8900
8700
8700
8600
8700
8700
8800
8600
8800
8700
8700
8600
8700
8700
8800
8700
8900
8700
8800
8700
8700
8700
8800
8700
8900
8800
8800
8700
8700
8800
8800
8800
8900
8800
8800
8700
8700
8800
8900
8800
8900
8800
8800
8700
8700
8700
8900
8800
8900
8800
8900
8700
8800
8800
8900
8700
8900
8800
8800
8700
8800
8900
8900
8800
8900
8800
8800
8700
8800
8800
9000
8700
8900
8900
8800
8800
8800
8800
9000
8800
9000
8900
8900
8800
8900
8900
9000
8800
9000
8900
8900
8800
8800
8900
9000
8800
9000
9000
8900
8900
8900
8900
9000
8800
9100
9000
9000
8900
8900
9000
9000
8900
9100
8900
9000
8900
8900
9000
9000
8900
9400
24900
9000
8900
8900
9000
9100
8900
9100
9000
9000
8900
9000
9000
9100
9000
9100
9000
9000
8900
9000
9100
9100
8900
9100
9100
9000
8900
9000
9000
9100
9000
9200
9000
9100
9000
9000
9100
9200
9000
9200
9100
9000
9000
9000
9000
9200
9000
9200
9100
9100
9100
9000
9100
10100
27100
9600
10900
23200
14100
10000
22200
9300
9100
9200
9200
9100
9000
9100
9100
9300
9000
9300
9200
9200
9100
9100
30500
52400
9300
9300
9200
9200
9000
9100
9100
9400
9200
9400
9200
9200
9100
9200
9100
9300
9100
9300
9200
9200
9000
9200
9100
9300
9200
9400
9200
9200
9200
9100
9300
9400
9200
9400
9200
9300
9400
9100
9400
9300
9300
9400
9200
9300
9400
9200
9400
9300
9200
9400
9300
9200
9400
9200
9400
9300
9300
9300
9300
9400
9500
9200
9500
9300
9400
9400
9300
9300
9400
9300
9500
9300
9300
9400
9300
9300
9500
9300
9500
9400
9400
9500
9300
9300
9500
9400
9600
9300
9300
9400
9400
9400
9400
9400
9600
9400
9300
9500
9500
9400
9500
9300
9600
9400
9300
9400
9400
27000
9900
25200
9600
9500
9400
9600
9500
9400
9600
9400
9600
9400
9500
9600
9400
9500
9600
9500
9700
9500
9500
9600
9400
9400
9600
9500
9700
9400
9400
9600
9600
9500
9600
9400
9700
9500
9500
9700
9500
9500
9600
9500
9700
9600
9500
9600
9500
9600
9700
9500
9700
9500
9600
9700
9600
9500
9700
9500
9700
9600
9500
9800
9500
9600
9700
9600
9700
9600
9600
9700
9600
9600
9700
9500
9800
9600
9500
9800
9700
9600
9700
9600
9900
9600
9600
9700
9700
9600
9900
9600
9900
9600
9600
9700
9700
9600
9700
9600
9800
9700
9600
9800
9700
9600
9900
9600
9800
9700
9700
9700
9700
9600
9700
9600
9700
9600
9700
9700
9600
9700
9600
9600
9700
9700
9700
9600
9600
9700
9700
9700
9700
9700
9600
9600
9600
9600
9700
9700
9700
9700
9700
9600
9700
9600
9700
9800
9700
9800
9700
9700
9800
9700
9800
9600
9700
9700
9700
9700
9800
9700
9800
9800
9800
9700
9700
9700
9700
9700
9800
9800
9800
9800
9800
9800
9800
9800
9800
9700
9800
9700
9800
9700
9800
9700
9800
9900
10200
23000
9900
9800
9800
9800
9800
9800
9800
9800
9800
9800
9900
9800
9800
9900
9800
9800
9800
9900
9900
9900
9900
9900
9900
9800
9800
9900
9900
9800
10000
9800
9900
9800
9900
9900
9900
9900
9900
9900
9800
9900
9900
9900
9900
10000
10000
9900
9900
9900
9900
9900
9900
9900
9900
9900
9900
9900
9900
10000
10000
9900
10000
9900
10000
10000
10000
10000
10000
10000
10000
10000
10000
10000
10000
10000
10000
10000
10000
10000
10000
10000
10000
10000
9900
9900
10000
10000
10100
9900
10100
10000
10100
10000
10000
10000
10100
10000
10100
10000
10000
10000
10100
10100
10100
10000
10100
10100
10200
10100
10100
10000
10100
10100
10100
10100
10000
10100
10100
10100
10100
10100
10100
10100
10200
10100
10100
10100
10100
10000
10100
10100
10100
10100
10100
10100
10100
10200
10100
10200
10100
10100
10100
10100
10300
10200
10200
10100
10300
10300
10200
10100
10200
10200
10200
10100
10200
10200
10200
10100
10200
10100
10100
10200
28100
10500
10600
24200
10500
10600
10600
10600
13400
13500
15100
13800
16100
14800
14100
14500
12200
13800
33900
10900
10700
10600
14300
10600
10700
10600
10700
10700
10700
10800
10600
10700
10800
10600
10600
10700
11600
15100
16900
11000
10700
10700
23300
10300
10300
10300
10200
10300
10200
10300
10200
10300
10300
10300
10300
10300
10300
10300
10300
10200
10300
10300
10400
10300
10400
10300
10300
10300
10300
10300
10300
10400
10300
10300
10300
10300
10300
10300
10400
10300
10400
10400
10400
10300
10400
10300
10400
10300
10400
10400
10300
10400
10300
10400
10300
10400
10400
10500
10400
10400
10400
10400
10400
10500
10400
10400
10400
10400
10500
10400
10500
10500
10500
10500
10400
10400
10400
10400
10400
10400
10500
10400
10400
10500
10500
10500
10500
10400
10500
10400
10400
10400
10500
10400
10600
10500
10400
10500
10600
10500
10400
10500
10500
10400
10500
10500
10600
10600
10500
10500
10500
10500
10500
10600
10600
10500
10500
10600
10500
10500
10500
10500
10600
10600
10500
10600
10600
10500
10600
10500
10600
10600
10500
10500
10600
10500
10600
10600
10600
10600
10600
10600
10600
10600
10600
10600
10600
10600
10700
10600
10700
10600
10600
10600
10600
10700
10600
10600
10600
10600
10700
10700
10700
10600
10600
10600
10700
10700
28400
11100
26800
10700
10700
10700
10700
10700
10600
10700
10700
10800
10700
10800
10700
10700
10700
10700
10700
10700
10700
10700
10700
10700
10800
10800
10700
10700
10700
10700
10700
10700
10800
10700
10800
10700
10700
10800
10700
10800
10800
10700
10700
10800
10700
10800
10700
10800
10800
10700
10700
10700
10700
10900
10800
10800
10800
10800
10800
10800
10800
10800
10900
10800
10800
10800
10800
10800
10900
10900
10800
10800
10800
10800
10900
10900
10800
10900
10800
10900
10900
10900
10900
10900
10800
10900
10900
10900
10900
10900
10800
10900
10900
11000
10900
10900
10900
10900
11000
10800
10900
10900
11000
10900
10900
10900
10900
11000
11000
10900
10900
10900
11000
10900
11000
11000
11000
10900
11000
10900
10900
10900
11000
11000
10900
11000
10900
11000
10900
11000
11000
10900
11000
11000
10900
11000
11100
11000
11000
11000
11000
11000
10900
11100
11000
11100
11100
11000
11000
11100
10900
11000
11000
11000
11000
11000
11100
11000
11000
11000
11100
11000
11100
11000
11100
11000
11100
11000
11000
11000
11100
11100
11100
11100
11100
11100
11100
11100
11100
11000
11100
11100
11200
11100
11100
11000
28800
27500
11100
11100
11100
11200
11100
11100
11100
11100
11200
11200
11100
11100
11200
11100
11200
11100
11200
11200
11200
11100
11200
11200
11200
11200
11200
11200
11100
11200
11200
11100
11200
11200
11200
11200
11200
11200
11300
11200
11200
11200
11200
11200
11300
11300
11300
11300
11200
11200
11200
11200
11200
11300
11200
11200
11200
11300
11300
11200
11300
11300
11300
11300
11300
11300
11300
11300
11200
11300
11300
11300
11300
11300
11300
11200
11300
11300
11300
11300
11400
11300
11400
11200
11400
11200
11400
11300
11300
11300
11400
11300
11400
11300
11300
11300
11400
11300
11400
11300
11400
11300
11300
11400
11500
11300
11400
11300
11500
11400
11400
11400
11500
11400
11400
11300
11400
11400
11400
11400
11400
11300
11500
11400
11400
11400
11400
11400
11500
11500
11500
11400
11400
11500
11400
11400
11400
11400
11500
11500
11500
11400
11400
11500
11400
11400
11500
11500
11500
11400
11400
11600
11400
11500
11500
11500
11500
11500
11500
11500
11500
11500
11500
11500
11500
11500
11400
11600
11500
11500
11500
11500
11500
11500
11500
29400
30000
16200
18400
12500
12100
15800
13500
12000
12000
19500
15700
12000
19300
12400
12100
18800
12400
12100
42600
13200
32100
12300
32300
15500
32900
12200
25800
17800
31100
29800
15700
30400
33100
15900
32100
17500
12400
12100
12000
12000
12000
12000
12000
12000
12100
12100
12100
12100
11900
12000
12100
12000
12000
12100
12100
12000
12100
12100
12000
12100
12000
12000
12100
12100
12100
12000
12100
12200
12100
12100
12100
12200
12100
12200
12000
12100
12100
12100
12100
12200
12000
12100
12100
12100
12200
12200
12200
12100
12200
12200
12200
12100
12300
12100
12200
12100
12200
12100
12100
12200
12200
12000
12200
12200
12200
12200
12300
12200
12200
12200
12200
12200
12300
12200
12200
12200
12200
12200
12200
12200
12200
12300
12200
12200
12200
12300
12300
12300
12200
12200
12200
12300
12200
12200
12300
12300
12300
12300
12300
12200
12300
12200
12300
12200
12300
12200
12300
12300
12300
12300
12300
12300
12200
12300
12300
12300
12300
12300
12300
12300
12300
12300
12200
12400
12300
12300
12300
12300
12300
12300
12300
12400
12300
12400
12400
12300
12300
12300
12400
12300
12400
12300
12400
12300
12400
12300
12400
12300
12500
12400
12500
12300
12400
12400
12400
12400
12500
27900
12000
12000
12000
11900
12000
11900
12000
12000
12100
12100
12000
12000
12000
11900
12000
12100
12100
12000
12100
12000
12100
12000
12000
12100
12100
12100
12100
12100
12100
12100
12100
12000
12000
12000
12100
12100
12000
12100
12100
12100
12100
12100
12100
12100
12100
12100
12100
12100
12200
12100
12000
12100
12100
12100
12100
12100
12100
12100
12100
12100
12200
12100
12200
12100
12200
12200
12100
12100
12200
12100
12100
12200
12200
12200
12200
12200
12200
12200
12200
12200
12300
12200
12200
12200
12300
12200
12200
12200
12300
12300
12200
12200
12100
12200
12200
12200
12200
12200
12200
12200
12300
12300
12200
12200
12200
12200
12300
12300
12300
12200
12400
12200
12300
12300
12300
12300
12300
12300
12300
12200
12400
12300
12400
12300
12300
12300
12400
